1000
1000
4
165   963   13
671   156   27
4   215   79
79   854   108
358   653   84
892   151   97
551   541   26
476   453   120
710   661   69
721   220   20
794   281   78
254   521   78
327   595   104
904   958   44
908   585   8
680   436   63
72   837   26
665   953   52
847   977   64
215   529   112
519   268   120
715   589   93
374   900   29
771   489   105
643   623   45
818   187   113
730   762   120
412   402   33
170   110   73
858   273   7
225   263   31
279   497   95
796   226   94
355   931   74
690   529   107
762   462   101
593   620   5
670   380   8
472   545   14
706   223   11
227   660   100
32   193   117
922   502   55
690   489   64
781   956   15
355   618   100
378   343   55
843   382   51
316   835   78
894   728   48
391   904   51
821   429   61
88   184   60
519   297   80
728   951   17
975   317   47
858   602   36
969   601   41
980   151   41
434   979   79
302   335   36
923   882   86
509   328   64
680   86   0
661   657   60
290   251   88
222   395   79
827   922   94
882   666   86
787   876   121
822   563   16
341   583   45
184   591   104
549   200   12
319   795   81
698   300   84
950   910   20
298   585   70
5   594   97
71   519   60
959   289   65
853   233   43
854   957   7
272   67   34
489   351   35
836   866   63
444   750   91
221   403   54
273   156   52
683   952   99
27   704   36
751   522   48
236   143   117
520   864   83
698   601   104
806   567   22
917   149   113
268   305   52
711   913   87
855   744   30
222   799   106
744   845   103
921   422   64
618   28   19
61   626   12
656   240   39
35   211   50
190   815   102
941   408   120
764   876   40
779   989   99
201   132   116
686   945   35
306   824   25
63   405   4
11   929   116
707   214   88
626   551   77
407   799   77
280   610   18
902   692   112
974   994   32
526   541   46
982   22   0
436   416   83
874   633   14
407   806   23
135   228   101
541   564   59
41   194   65
304   455   100
972   352   75
520   626   103
885   259   14
467   480   22
137   265   53
586   522   29
906   722   83
962   544   11
733   324   32
483   676   66
45   579   80
282   5   13
428   187   102
297   625   113
241   839   10
389   132   105
524   60   98
237   231   4
782   433   107
135   581   72
207   126   72
356   746   17
728   537   30
468   168   96
477   880   100
73   644   30
50   599   45
736   9   93
585   23   97
855   935   105
598   934   20
931   578   36
125   132   43
148   33   42
749   287   14
844   474   89
749   506   71
508   712   120
163   271   64
688   641   99
916   882   75
40   482   12
439   142   51
163   185   13
614   627   25
198   861   80
810   813   51
622   411   39
610   864   28
181   944   31
832   710   25
596   564   67
821   479   110
903   618   63
767   400   30
245   643   80
620   402   51
676   947   43
701   710   100
20   733   7
408   996   10
6   480   71
882   519   15
259   182   43
495   453   82
361   743   59
194   745   35
330   678   78
979   746   38
754   9   41
575   761   74
780   271   2
322   381   108
345   159   104
134   494   101
806   81   98
879   346   57
962   748   31
969   406   114
407   12   88
739   965   103
869   337   122
576   146   7
593   487   100
671   218   67
324   399   104
367   311   69
415   645   65
743   731   93
5   449   6
763   561   0
270   907   112
930   604   90
142   551   73
509   771   8
99   950   72
294   745   60
928   836   94
440   646   22
643   919   93
643   700   8
39   741   121
602   86   108
691   880   70
404   659   114
313   816   12
32   298   102
97   242   83
788   519   116
678   38   4
239   481   62
996   682   65
452   683   112
743   879   89
67   216   99
249   80   31
860   18   66
943   358   39
315   656   91
841   140   121
514   980   1
844   101   95
412   41   72
594   563   11
301   298   71
661   150   36
850   978   72
428   487   26
190   194   51
38   20   103
249   111   119
360   492   117
460   950   81
768   74   0
882   427   122
914   376   66
265   801   12
441   385   20
327   419   82
358   943   114
983   744   59
316   51   83
555   589   65
207   488   52
896   311   106
147   353   98
312   269   37
723   278   108
862   85   34
826   59   31
926   291   8
758   389   81
580   416   7
762   346   22
509   273   27
831   995   25
546   433   74
412   467   3
641   193   28
570   322   54
745   225   88
63   260   71
259   272   7
175   184   87
93   170   9
32   169   16
630   704   61
993   707   34
698   8   50
677   857   35
150   763   78
829   610   19
70   124   61
143   869   8
849   234   35
713   391   14
834   502   109
50   442   72
724   205   40
13   225   54
817   796   9
801   443   106
393   493   34
123   191   103
880   53   95
531   651   60
9   636   40
612   567   94
105   397   109
100   598   42
550   704   11
709   708   111
335   846   40
427   714   21
104   971   24
730   496   97
370   23   108
496   774   70
14   373   88
473   499   5
632   170   75
550   462   54
959   267   96
138   587   8
502   997   69
370   543   39
508   220   64
567   102   40
854   638   59
71   867   22
957   572   77
501   795   77
622   538   4
101   328   86
666   553   61
411   475   111
511   675   107
435   203   5
622   537   62
353   35   75
219   527   103
857   990   8
388   579   96
785   862   112
507   438   47
14   527   63
906   364   50
398   266   50
741   249   57
132   68   67
882   189   22
565   490   122
405   265   107
214   178   100
487   135   119
14   456   117
703   496   28
188   187   94
555   420   120
892   237   104
759   971   118
341   825   64
577   970   110
544   974   25
505   979   90
711   8   77
413   499   79
316   85   99
960   899   104
561   41   122
976   842   93
636   605   33
389   99   77
734   971   94
623   101   73
640   950   59
368   372   86
984   465   8
587   488   42
915   962   108
337   629   56
351   548   84
208   314   49
391   1   28
970   268   101
886   719   67
413   524   22
370   28   102
32   491   104
462   92   16
451   829   23
942   658   88
863   650   74
519   377   91
867   99   28
94   782   67
496   62   18
194   716   74
632   354   73
756   675   81
933   547   44
217   13   13
694   1   68
932   270   39
600   628   81
868   852   62
718   384   110
150   478   28
238   965   24
952   590   39
193   39   113
550   129   36
361   262   89
450   2   61
567   171   63
752   968   101
792   957   59
718   163   9
158   971   15
629   299   75
369   644   45
706   81   40
537   820   118
374   911   66
310   462   33
85   139   80
116   665   100
74   532   95
152   989   45
179   596   106
589   398   29
621   682   4
476   649   81
862   630   21
321   218   92
314   344   111
813   411   23
109   21   67
871   557   73
106   519   59
928   744   8
749   689   106
324   999   85
79   10   70
330   542   94
132   691   90
49   611   121
610   622   62
175   12   119
118   275   32
304   382   51
14   210   8
707   461   35
39   467   16
914   120   26
102   309   28
372   616   2
179   611   13
523   248   107
956   600   122
943   282   92
236   656   0
819   28   42
352   156   19
964   922   64
539   168   45
224   837   61
251   308   58
178   707   85
176   71   35
648   410   59
757   246   36
560   954   106
247   55   5
666   472   57
709   20   74
629   749   83
813   732   9
406   311   30
807   576   79
229   0   89
858   699   115
104   720   108
172   637   43
642   303   97
824   818   94
186   763   17
462   241   58
589   129   90
610   261   25
491   428   2
79   986   90
988   215   106
420   557   92
292   836   78
951   247   60
458   369   4
95   405   20
822   115   69
900   883   79
269   274   106
329   684   54
403   537   95
140   618   59
514   833   36
809   56   43
281   997   31
110   662   26
222   29   79
100   598   45
416   484   76
864   402   100
82   775   43
669   177   36
789   581   31
833   345   75
669   572   37
401   170   76
855   48   64
479   362   85
662   581   82
969   707   33
264   601   29
998   796   82
690   892   22
769   204   106
838   168   99
871   375   103
736   236   19
508   37   39
391   115   5
873   118   19
792   919   120
338   936   73
493   495   28
692   374   94
97   850   121
29   863   69
97   76   29
946   186   27
734   725   44
163   346   60
459   727   3
919   307   3
368   11   60
91   681   73
890   822   16
521   554   51
537   169   92
330   364   17
462   707   86
772   656   41
5   609   80
592   7   60
184   749   93
610   806   31
125   860   77
333   42   113
534   454   11
346   27   54
320   60   87
484   686   20
323   56   2
296   624   1
485   471   66
618   952   106
920   725   51
891   284   60
603   520   122
672   732   98
42   863   75
523   703   30
817   892   85
187   153   36
805   666   18
715   31   16
684   851   13
870   657   12
46   909   50
495   279   43
244   992   16
737   478   103
773   636   81
943   218   41
458   613   37
702   735   103
388   599   108
945   156   63
746   626   41
461   776   12
977   923   50
571   670   69
982   811   113
402   485   109
523   960   57
538   881   1
142   121   66
977   619   15
380   511   75
481   504   109
821   127   40
678   702   109
90   255   94
631   384   73
460   982   63
348   485   43
718   413   18
350   926   86
963   222   0
67   397   117
572   727   19
13   42   74
553   857   16
54   343   16
310   53   99
885   109   99
669   472   112
60   652   85
968   293   50
270   454   53
744   637   102
157   308   94
703   374   2
982   262   28
487   623   122
833   37   23
349   993   46
902   789   11
637   175   110
944   476   51
359   256   84
729   431   6
250   933   74
760   223   6
101   764   2
75   513   105
677   802   103
761   835   117
273   991   56
731   507   11
53   787   46
454   112   30
842   504   72
938   425   54
183   465   2
384   343   107
309   802   39
992   470   10
412   175   87
473   819   75
933   717   113
117   106   91
54   33   41
822   793   3
230   708   95
491   355   3
318   156   33
68   588   37
709   542   84
493   392   58
163   970   64
744   4   50
379   770   28
276   893   106
211   973   57
203   480   13
252   56   112
79   519   92
326   372   99
845   838   102
991   602   49
199   204   0
157   106   80
692   268   57
525   114   15
202   87   14
364   774   119
153   731   105
441   112   91
836   414   99
252   786   68
368   180   61
796   893   87
497   397   53
565   54   21
716   92   30
827   249   88
299   630   78
424   62   108
739   999   114
689   775   21
821   635   99
431   936   58
789   230   90
458   276   108
336   505   48
986   930   8
518   890   121
204   154   19
303   955   39
17   274   4
367   814   52
635   926   29
871   592   19
682   696   77
899   620   98
943   703   20
316   708   121
234   815   105
24   633   105
798   882   36
792   51   17
613   687   20
858   275   82
486   731   13
791   572   56
586   441   77
540   676   82
181   174   118
189   468   109
140   46   105
923   346   58
85   579   75
631   236   53
639   603   21
246   752   72
278   694   105
146   541   108
941   155   89
99   115   73
664   952   113
795   770   42
758   497   77
487   87   78
401   553   13
787   953   95
938   9   44
158   138   83
597   257   20
222   128   14
877   81   43
733   45   65
845   11   79
183   744   96
944   70   0
235   127   8
842   894   43
219   286   70
62   408   100
448   616   82
729   179   118
703   547   17
454   47   95
620   73   13
387   824   50
906   322   108
790   694   0
51   669   20
926   589   30
588   542   0
775   19   35
879   121   67
485   9   99
728   755   121
513   501   117
908   381   112
698   20   55
407   951   37
166   410   64
38   354   25
924   152   37
518   58   112
586   581   84
999   34   70
140   777   113
392   436   8
387   949   24
613   957   63
781   434   85
373   150   42
689   300   53
90   908   18
56   958   12
532   588   97
609   230   0
637   481   30
198   882   110
848   400   49
579   427   70
132   744   20
960   943   50
118   302   47
766   197   37
93   831   38
606   461   84
4   43   60
680   892   35
810   918   44
199   369   113
593   926   18
808   567   43
73   461   98
114   192   94
435   829   31
269   359   76
122   44   8
565   407   122
623   142   14
897   611   115
840   424   71
794   95   42
846   699   91
497   888   80
665   571   71
408   586   66
280   777   107
342   627   91
902   449   83
862   575   61
191   341   54
508   99   9
293   774   83
200   310   109
415   989   59
215   140   66
477   385   27
511   41   8
368   305   11
202   659   31
52   576   23
696   283   105
760   987   36
865   715   57
62   416   122
126   981   77
347   735   22
946   969   93
874   674   39
798   288   107
158   824   8
826   241   76
566   964   85
120   123   77
382   368   45
900   214   67
389   33   38
891   410   34
125   535   3
22   886   101
946   93   105
210   914   91
746   904   73
764   142   5
364   310   43
751   476   69
143   215   119
64   354   29
145   95   108
182   541   47
296   756   98
412   116   49
280   687   18
784   110   19
529   214   63
175   89   65
703   130   70
660   788   59
861   187   96
205   723   108
302   876   108
500   713   25
65   727   44
2   900   27
418   878   48
355   792   26
163   809   106
907   761   24
112   991   65
457   17   118
365   832   113
552   783   41
233   14   105
753   954   26
962   523   100
91   506   11
710   456   112
398   841   121
842   811   76
59   134   96
128   720   45
272   911   121
692   106   118
46   500   11
873   238   98
855   335   119
803   184   8
207   521   84
845   469   25
952   218   11
207   818   44
335   263   69
399   576   3
896   972   55
456   726   17
414   306   59
175   462   95
163   834   17
501   831   12
569   469   84
489   974   113
939   357   8
877   790   7
802   645   103
173   666   115
194   443   27
924   400   55
417   983   38
878   896   36
483   67   15
585   182   6
741   160   102
683   479   89
20   478   108
711   173   122
389   464   113
500   635   27
891   839   108
76   808   72
563   475   10
110   305   117
161   619   119
921   68   30
472   784   75
369   940   50
844   321   17
778   786   91
923   59   64
233   803   86
526   996   32
57   790   116
37   848   65
31   788   103
101   880   117
435   166   107
435   49   87
891   780   98
555   166   70
898   2   58
642   877   80
273   488   120
180   607   110
515   764   102
472   914   99
522   909   76
497   577   110
569   77   95
126   185   42
986   909   114
879   88   82
975   524   90
346   73   80
869   230   105
222   266   37
598   123   48
320   938   47
952   879   22
800   169   67
565   326   59
261   267   118
331   423   27
840   268   11
905   133   6
744   49   81
231   341   1
908   319   30
119   994   88
551   660   37
897   804   106
305   654   13
969   257   109
783   272   15
295   480   7
430   266   93
491   617   107
263   709   97
7   97   49
675   495   1
695   539   82
521   123   45
